# DM      Sigma      Time (s)     Sample    Downfact    Width_int    With_obs    Spec_ind    Scat_tau_ref
936.893    6.82    2.17612      26564    8    0.000700    0.000705    -2.355000    0.000000
 1844.565    6.52    5.09297      62170    15    0.001300    0.001303    -2.080800    0.000000
 1637.397    6.81    11.15832     136210    14    0.001200    0.001203    -3.208000    0.000000
 261.943    9.52    13.97588     170604    6    0.000500    0.000507    1.255300    0.000000
 1056.335    4.54    18.14290     221471    34    0.002800    0.002801    0.184900    0.000000
 253.271    4.63    21.09268     257479    25    0.002100    0.002102    0.412000    0.000000
 806.770    8.77    22.25324     271646    7    0.000600    0.000606    2.191500    0.000000
 568.168    3.25    25.50751     311371    25    0.002100    0.002102    -0.751800    0.000000
 1789.203    10.62    30.63120     373916    3    0.000300    0.000311    -0.488100    0.000000
 1332.566    5.40    35.73932     436271    19    0.001600    0.001602    -3.142300    0.000000
 1078.470    4.75    40.39475     493100    102    0.008400    0.008400    -3.520800    0.000000
 1116.131    7.10    47.08786     574803    12    0.001000    0.001003    0.873100    0.000000
 1535.349    2.71    50.68218     618679    75    0.006200    0.006201    -3.001500    0.000000
 185.544    9.07    54.40954     664179    7    0.000600    0.000606    0.657500    0.000000
 1427.106    10.00    57.82766     705904    7    0.000600    0.000606    0.914100    0.000000
 545.618    5.10    61.17868     746810    15    0.001300    0.001303    0.853000    0.000000
 498.071    10.20    63.79438     778740    7    0.000600    0.000606    -2.070000    0.000000
 239.083    9.08    65.93053     804816    7    0.000600    0.000606    -1.848900    0.000000
 1367.479    7.78    67.51338     824138    9    0.000800    0.000804    2.082800    0.000000
 1451.398    6.68    73.45127     896622    12    0.001000    0.001003    1.412800    0.000000
 1079.786    5.38    79.50950     970575    32    0.002700    0.002701    -1.606900    0.000000
 1762.389    11.36    86.26176    1053000    1    0.000100    0.000129    0.917800    0.000000
 1949.842    8.24    91.51717    1117153    7    0.000600    0.000606    3.240300    0.000000
 1736.796    9.21    102.31349    1248944    6    0.000500    0.000507    0.992000    0.000000
 1955.274    9.20    113.66638    1387529    8    0.000700    0.000705    -3.153300    0.000000
 1456.078    8.63    117.82513    1438295    6    0.000500    0.000507    -3.276500    0.000000
 952.405    7.13    121.45787    1482640    12    0.001000    0.001003    3.548200    0.000000
 645.515    8.99    124.03597    1514111    7    0.000600    0.000606    -1.904200    0.000000
 1216.698    7.13    130.12541    1588445    12    0.001000    0.001003    -3.160400    0.000000
 741.032    4.29    131.17006    1601197    67    0.005500    0.005501    0.167500    0.000000
 1778.950    9.70    137.29956    1676020    4    0.000400    0.000408    1.336800    0.000000
 600.418    5.93    139.33511    1700868    14    0.001200    0.001203    -0.976300    0.000000
 1144.230    7.83    143.37507    1750184    8    0.000700    0.000705    -3.269200    0.000000
 266.542    10.73    147.51941    1800774    6    0.000500    0.000507    -2.093000    0.000000
 483.700    4.78    149.20172    1821310    23    0.001900    0.001902    -3.597400    0.000000
 1276.466    4.89    155.18163    1894307    23    0.001900    0.001902    -0.841400    0.000000
 78.247    6.47    157.30598    1920239    18    0.001500    0.001502    0.309400    0.000000
 88.166    7.34    157.47826    1922342    14    0.001200    0.001203    0.941400    0.000000
 1411.896    7.43    160.05464    1953792    8    0.000700    0.000705    3.827200    0.000000
 840.045    4.66    164.86130    2012467    15    0.001300    0.001303    -0.254900    0.000000
 1804.471    11.01    170.22329    2077921    1    0.000100    0.000129    2.477200    0.000000
 1524.758    5.25    173.59561    2119087    31    0.002600    0.002601    0.534400    0.000000
 851.209    11.38    178.53628    2179398    6    0.000500    0.000507    -3.905700    0.000000
 1877.489    2.74    183.97839    2245830    87    0.007200    0.007200    2.189700    0.000000
 501.096    8.87    186.25487    2273619    8    0.000700    0.000705    -2.229200    0.000000
 1958.399    10.08    192.02425    2344046    7    0.000600    0.000606    2.891900    0.000000
 548.982    5.94    198.90799    2428076    23    0.001900    0.001902    3.616700    0.000000
 1686.758    2.93    203.78960    2487666    59    0.004900    0.004901    3.435400    0.000000
 1819.900    6.67    208.92164    2550313    25    0.002100    0.002102    -0.778500    0.000000
 1171.388    11.88    214.51702    2618616    3    0.000300    0.000311    0.749700    0.000000
 415.441    8.61    218.05859    2661848    7    0.000600    0.000606    0.174300    0.000000
 1105.650    6.90    219.36603    2677808    8    0.000700    0.000705    0.938600    0.000000
 1454.799    9.29    226.08323    2759805    4    0.000400    0.000408    0.067100    0.000000
 170.688    10.55    229.84729    2805753    6    0.000500    0.000507    -0.529600    0.000000
 1544.578    3.43    234.53622    2862991    62    0.005100    0.005101    1.221300    0.000000
 277.022    4.15    237.02413    2893361    32    0.002700    0.002701    -2.770300    0.000000
 982.512    7.74    239.75428    2926688    8    0.000700    0.000705    1.104900    0.000000
 62.060    10.94    242.69677    2962607    6    0.000500    0.000507    0.312800    0.000000
 220.398    17.31    244.03190    2978905    2    0.000200    0.000216    3.613700    0.000000
 1367.067    6.52    245.13757    2992402    13    0.001100    0.001103    3.583400    0.000000
 834.289    6.22    251.27100    3067273    14    0.001200    0.001203    2.288300    0.000000
 1406.965    7.84    255.59687    3120079    7    0.000600    0.000606    -1.953400    0.000000
 1905.180    5.85    260.84401    3184131    26    0.002200    0.002202    -1.352600    0.000000
 943.605    4.95    265.48527    3240787    14    0.001200    0.001203    2.125900    0.000000
 607.945    5.03    267.32823    3263284    17    0.001400    0.001402    3.295400    0.000000
 1786.848    12.16    272.50704    3326502    3    0.000300    0.000311    0.609300    0.000000
 467.526    4.33    274.93794    3356176    19    0.001600    0.001602    -1.449400    0.000000
 1670.829    9.02    278.97258    3405427    7    0.000600    0.000606    -3.537200    0.000000
 122.413    5.95    281.06351    3430951    15    0.001300    0.001303    0.140800    0.000000
 693.882    8.03    283.27313    3457924    7    0.000600    0.000606    -1.230600    0.000000
 1989.231    8.47    288.69968    3524166    6    0.000500    0.000507    -2.965900    0.000000
 446.096    8.27    296.28752    3616791    7    0.000600    0.000606    1.887500    0.000000
 678.466    2.56    298.05724    3638394    98    0.008100    0.008100    -2.995600    0.000000
 1510.060    7.33    301.08041    3675298    17    0.001400    0.001402    0.586000    0.000000
 771.898    8.58    305.78590    3732738    9    0.000800    0.000804    -3.317500    0.000000
 1006.527    6.05    309.61213    3779445    17    0.001400    0.001402    3.143000    0.000000
 1368.729    4.62    314.10881    3834336    56    0.004600    0.004601    0.571100    0.000000
 1557.595    4.24    322.13164    3932271    24    0.002000    0.002002    -3.412100    0.000000
 696.714    9.74    324.88661    3965901    9    0.000800    0.000804    2.708600    0.000000
 344.297    15.50    326.82492    3989562    2    0.000200    0.000216    -3.882300    0.000000
 1923.610    11.23    331.51033    4046757    1    0.000100    0.000129    2.436500    0.000000
 1850.156    7.85    334.97825    4089090    14    0.001200    0.001203    -2.913100    0.000000
 1621.007    10.28    341.60730    4170011    4    0.000400    0.000408    0.017000    0.000000
 785.774    11.45    345.20769    4213961    3    0.000300    0.000311    -1.705600    0.000000
 1710.516    5.80    349.97445    4272149    26    0.002200    0.002202    0.803500    0.000000
 1017.661    9.95    354.08224    4322293    6    0.000500    0.000507    1.188700    0.000000
 881.393    7.54    359.04831    4382914    12    0.001000    0.001003    -0.908400    0.000000
 747.821    8.83    360.36207    4398951    11    0.000900    0.000904    0.525400    0.000000
 384.402    11.53    363.14857    4432966    3    0.000300    0.000311    0.269400    0.000000
 1300.829    10.71    366.43095    4473034    3    0.000300    0.000311    -1.950000    0.000000
 799.226    4.76    370.63852    4524396    21    0.001800    0.001802    3.351600    0.000000
 379.768    18.03    372.53390    4547533    1    0.000100    0.000129    -0.721600    0.000000
 1290.083    7.29    377.65521    4610049    8    0.000700    0.000705    1.267800    0.000000
 341.352    7.32    379.49121    4632461    7    0.000600    0.000606    -0.270400    0.000000
 1732.459    3.24    382.30286    4666783    34    0.002800    0.002801    2.456900    0.000000
 862.148    10.22    386.44425    4717337    7    0.000600    0.000606    -3.868800    0.000000
 1236.488    7.83    390.45431    4766288    6    0.000500    0.000507    -0.566400    0.000000
 218.863    6.73    393.66746    4805511    17    0.001400    0.001402    3.868100    0.000000
 274.596    2.76    394.46970    4815304    28    0.002300    0.002301    -2.738600    0.000000
 1691.253    10.78    399.12751    4872162    2    0.000200    0.000216    -1.444000    0.000000
 649.644    14.19    402.29093    4910778    2    0.000200    0.000216    0.323300    0.000000
 1685.176    10.13    407.16820    4970315    7    0.000600    0.000606    3.899100    0.000000
 905.378    16.74    410.88532    5015690    1    0.000100    0.000129    1.115500    0.000000
 236.899    7.15    412.02221    5029568    9    0.000800    0.000804    -2.689300    0.000000
 1462.205    5.29    416.45023    5083621    12    0.001000    0.001003    -1.547200    0.000000
 1539.191    6.83    420.22494    5129699    12    0.001000    0.001003    -2.193400    0.000000
 1499.921    4.92    427.40998    5217407    19    0.001600    0.001602    -1.323200    0.000000
 1950.976    6.81    430.91329    5260172    18    0.001500    0.001502    -1.056700    0.000000
 1086.415    8.74    440.02681    5371421    6    0.000500    0.000507    -1.169900    0.000000
 274.415    14.04    445.44631    5437577    3    0.000300    0.000311    -1.343400    0.000000
 925.176    7.77    448.16605    5470777    11    0.000900    0.000904    -3.271000    0.000000
 660.851    2.74    449.30769    5484713    43    0.003600    0.003601    -1.088100    0.000000
 732.696    12.15    453.12754    5531342    3    0.000300    0.000311    1.667700    0.000000
 638.319    8.71    455.39295    5558996    8    0.000700    0.000705    -2.000300    0.000000
 680.901    12.87    458.38639    5595537    3    0.000300    0.000311    0.993700    0.000000
 242.568    15.29    460.14300    5616980    2    0.000200    0.000216    1.255900    0.000000
 212.865    14.45    461.42210    5632594    3    0.000300    0.000311    -0.116000    0.000000
 170.151    12.93    462.33182    5643699    3    0.000300    0.000311    2.077000    0.000000
 828.597    7.96    464.72561    5672920    8    0.000700    0.000705    -3.847100    0.000000
 200.614    5.95    466.49319    5694497    23    0.001900    0.001902    -1.018500    0.000000
 609.726    4.32    467.02199    5700952    83    0.006800    0.006800    3.544500    0.000000
 1122.274    4.35    471.49375    5755539    59    0.004900    0.004901    1.343700    0.000000
 1537.815    9.49    477.96445    5834527    4    0.000400    0.000408    -1.190600    0.000000
 1789.411    3.18    484.40934    5913200    109    0.009000    0.009000    3.036000    0.000000
 1655.105    7.25    488.32102    5960950    14    0.001200    0.001203    1.191900    0.000000
 692.264    4.26    491.71235    6002348    26    0.002200    0.002202    -1.000200    0.000000
 1452.186    11.89    496.57389    6061693    2    0.000200    0.000216    -2.454000    0.000000
 1170.973    14.36    501.34696    6119958    1    0.000100    0.000129    2.485300    0.000000
 844.461    4.71    505.04868    6165145    28    0.002300    0.002301    2.350100    0.000000
 594.146    8.99    509.04367    6213912    13    0.001100    0.001103    -0.521000    0.000000
 98.638    6.63    510.14697    6227380    11    0.000900    0.000904    -0.836400    0.000000
 1897.302    3.54    511.73458    6246760    37    0.003100    0.003101    0.160700    0.000000
 533.612    8.85    517.36044    6315435    9    0.000800    0.000804    -2.110200    0.000000
 1485.985    7.75    522.23214    6374904    7    0.000600    0.000606    -3.755000    0.000000
 151.607    12.49    524.34838    6400737    3    0.000300    0.000311    1.963300    0.000000
 1766.535    5.15    526.64639    6428789    23    0.001900    0.001902    -3.318600    0.000000
 1530.639    8.70    531.89648    6492877    7    0.000600    0.000606    -3.511900    0.000000
 1720.736    9.64    539.48105    6585462    11    0.000900    0.000904    -1.842500    0.000000
 1732.908    8.35    542.34907    6620472    8    0.000700    0.000705    3.117200    0.000000
 100.154    11.92    546.71409    6673756    3    0.000300    0.000311    3.610700    0.000000
 335.649    5.02    547.70254    6685822    35    0.002900    0.002901    2.038000    0.000000
 1954.128    8.86    550.84737    6724211    8    0.000700    0.000705    -3.628600    0.000000
 1893.715    4.00    562.50761    6866548    37    0.003100    0.003101    1.675800    0.000000
 1325.973    2.65    567.71265    6930086    161    0.013200    0.013200    -1.081000    0.000000
 1723.592    5.35    572.14861    6984236    11    0.000900    0.000904    2.418100    0.000000
 369.948    9.38    576.47063    7036995    6    0.000500    0.000507    -0.644100    0.000000
 355.429    17.97    577.78242    7053008    1    0.000100    0.000129    -3.775100    0.000000
 92.567    6.62    578.56827    7062601    11    0.000900    0.000904    0.704000    0.000000
 1339.809    5.37    579.94846    7079449    20    0.001700    0.001702    0.600200    0.000000
 1181.062    6.64    587.49575    7171579    18    0.001500    0.001502    -0.533800    0.000000
 489.864    2.99    590.89486    7213072    91    0.007500    0.007500    1.705200    0.000000
 1748.822    6.58    594.96014    7262697    17    0.001400    0.001402    3.896400    0.000000
 999.672    6.06    602.02557    7348945    17    0.001400    0.001402    -0.883300    0.000000
 1082.677    8.59    607.59966    7416988    7    0.000600    0.000606    2.602600    0.000000
 1580.615    4.38    609.96608    7445875    57    0.004700    0.004701    3.099900    0.000000
 1566.526    10.13    617.51943    7538079    4    0.000400    0.000408    -0.902900    0.000000
 880.120    10.02    621.50058    7586677    4    0.000400    0.000408    1.614200    0.000000
 1227.385    5.67    626.84168    7651876    14    0.001200    0.001203    -1.960000    0.000000
 1311.161    8.49    629.61836    7685771    9    0.000800    0.000804    -0.669600    0.000000
 702.230    11.17    634.54601    7745923    3    0.000300    0.000311    -3.405900    0.000000
 622.755    3.38    638.08938    7789177    23    0.001900    0.001902    2.797100    0.000000
 1482.407    11.83    641.56639    7831621    2    0.000200    0.000216    3.514800    0.000000
 87.667    5.38    643.98615    7861159    20    0.001700    0.001702    3.617800    0.000000
 1201.762    8.83    646.73767    7894747    8    0.000700    0.000705    3.951700    0.000000
 300.721    4.27    650.85407    7944996    20    0.001700    0.001702    1.188500    0.000000
 1023.312    7.85    652.86603    7969556    12    0.001000    0.001003    3.753700    0.000000
 1774.101    8.37    660.63188    8064354    4    0.000400    0.000408    -3.803100    0.000000
 739.997    4.32    663.56330    8100138    30    0.002500    0.002501    2.157400    0.000000
 1507.089    7.64    667.27502    8145447    9    0.000800    0.000804    -1.371800    0.000000
 297.060    7.91    670.87303    8189368    7    0.000600    0.000606    -0.611200    0.000000
 1614.343    9.47    675.05775    8240451    4    0.000400    0.000408    0.331500    0.000000
 358.640    8.77    677.76782    8273533    7    0.000600    0.000606    -0.384600    0.000000
 1660.333    4.84    679.64273    8296420    24    0.002000    0.002002    -1.489000    0.000000
 772.187    4.72    685.29357    8365400    29    0.002400    0.002401    2.513700    0.000000
 1625.448    4.05    688.76083    8407725    24    0.002000    0.002002    3.586100    0.000000
 188.100    7.05    692.66088    8455333    13    0.001100    0.001103    -3.229600    0.000000
 904.584    4.50    693.91884    8470689    12    0.001000    0.001003    -1.254800    0.000000
 207.070    10.02    695.63703    8491663    7    0.000600    0.000606    -1.212200    0.000000
 1130.176    7.02    700.79963    8554683    11    0.000900    0.000904    -0.531600    0.000000
 923.971    6.17    702.30565    8573067    13    0.001100    0.001103    -0.783200    0.000000
 1461.223    3.10    707.46341    8636028    62    0.005100    0.005101    -1.579900    0.000000
 344.855    7.03    710.62659    8674641    9    0.000800    0.000804    3.546100    0.000000
 1368.512    3.33    714.77813    8725319    21    0.001800    0.001802    -1.172300    0.000000
 1942.994    6.33    718.13300    8766272    12    0.001000    0.001003    0.660700    0.000000
 931.646    7.52    729.30927    8902701    11    0.000900    0.000904    -2.850500    0.000000
 1470.213    3.66    731.53249    8929840    74    0.006100    0.006101    2.158600    0.000000
 1854.865    11.19    739.30752    9024750    2    0.000200    0.000216    0.774800    0.000000
 1218.425    5.57    742.82467    9067684    19    0.001600    0.001602    -0.991200    0.000000
 510.801    15.76    747.19912    9121083    2    0.000200    0.000216    -3.984000    0.000000
 145.829    6.70    748.99767    9143038    19    0.001600    0.001602    -2.864500    0.000000
 942.103    8.95    751.79663    9177205    6    0.000500    0.000507    -0.313600    0.000000
 134.636    10.14    752.77140    9189104    7    0.000600    0.000606    -3.014200    0.000000
 1724.611    8.51    754.75288    9213292    7    0.000600    0.000606    1.459500    0.000000
 953.981    2.99    759.41970    9270260    26    0.002200    0.002202    0.850900    0.000000
 684.384    4.89    762.19073    9304086    13    0.001100    0.001103    0.563600    0.000000
 892.746    11.79    766.11404    9351978    3    0.000300    0.000311    2.965800    0.000000
 1656.091    10.53    768.57287    9381993    2    0.000200    0.000216    -1.940200    0.000000
 443.529    7.38    773.21626    9438675    11    0.000900    0.000904    -3.354100    0.000000
 1182.446    2.91    775.75873    9469711    117    0.009600    0.009600    -2.813700    0.000000
 1714.620    3.35    781.19133    9536027    39    0.003200    0.003201    2.988000    0.000000
 1025.887    5.05    788.94760    9630708    12    0.001000    0.001003    2.180600    0.000000
 1575.191    11.66    793.06039    9680913    3    0.000300    0.000311    -2.404200    0.000000
 1821.942    5.78    797.28828    9732523    12    0.001000    0.001003    2.564800    0.000000
 1844.196    7.88    801.93061    9789192    9    0.000800    0.000804    3.571200    0.000000
 445.899    10.88    806.77544    9848333    7    0.000600    0.000606    3.068900    0.000000
 1440.603    7.07    809.79321    9885171    13    0.001100    0.001103    -3.468500    0.000000
 265.615    12.42    813.10474    9925595    3    0.000300    0.000311    -1.217600    0.000000
 1372.322    10.03    818.44265    9990755    8    0.000700    0.000705    -3.041400    0.000000
 1155.130    6.60    821.25095    10025036    9    0.000800    0.000804    -2.983100    0.000000
 1835.656    3.05    826.77834    10092509    39    0.003200    0.003201    2.832900    0.000000
 1594.875    11.14    833.36708    10172938    1    0.000100    0.000129    0.354800    0.000000
 703.396    7.35    836.57499    10212097    9    0.000800    0.000804    -3.747100    0.000000
 879.267    11.92    839.90520    10252749    3    0.000300    0.000311    1.542800    0.000000
 1049.325    6.87    842.94967    10289913    12    0.001000    0.001003    -0.836900    0.000000
 458.789    6.70    846.56259    10334016    9    0.000800    0.000804    0.591500    0.000000
 1332.676    6.75    848.21623    10354202    14    0.001200    0.001203    -2.508600    0.000000
 1885.511    8.22    856.79923    10458975    4    0.000400    0.000408    1.013000    0.000000
 1167.538    10.28    860.64792    10505956    3    0.000300    0.000311    -2.050800    0.000000
 1919.338    9.11    864.66920    10555044    7    0.000600    0.000606    0.259100    0.000000
 839.621    8.27    869.71056    10616584    12    0.001000    0.001003    -3.739500    0.000000
 1972.742    4.66    876.46355    10699018    30    0.002500    0.002501    1.373800    0.000000
 1252.117    10.17    884.98659    10803059    4    0.000400    0.000408    -1.849200    0.000000
 1099.672    6.96    888.94005    10851319    12    0.001000    0.001003    -1.110300    0.000000
 426.834    6.89    894.15500    10914978    32    0.002700    0.002701    3.268200    0.000000
 544.008    11.21    895.56689    10932213    3    0.000300    0.000311    -1.609800    0.000000
 1312.649    7.48    899.87850    10984845    9    0.000800    0.000804    1.255000    0.000000
 1082.786    4.04    903.38951    11027704    43    0.003600    0.003601    0.092200    0.000000
 406.368    20.66    908.69719    11092495    1    0.000100    0.000129    0.217600    0.000000
 1710.849    3.19    911.50631    11126786    67    0.005500    0.005501    3.403600    0.000000
 394.761    10.77    915.38350    11174115    3    0.000300    0.000311    1.176000    0.000000
 1024.300    4.58    917.37383    11198411    41    0.003400    0.003401    -3.675500    0.000000
 1074.365    5.22    925.46957    11297236    17    0.001400    0.001402    -3.233200    0.000000
 1043.853    6.94    928.13042    11329717    17    0.001400    0.001402    0.499000    0.000000
 1233.242    8.79    935.03250    11413971    8    0.000700    0.000705    -2.941800    0.000000
 859.164    4.02    939.05551    11463080    28    0.002300    0.002301    -0.862700    0.000000
 1908.869    6.57    942.12112    11500502    12    0.001000    0.001003    0.731800    0.000000
 1323.689    5.82    948.05467    11572933    11    0.000900    0.000904    -1.666500    0.000000
 1441.038    5.86    953.52873    11639755    21    0.001800    0.001802    -3.990500    0.000000
 1783.982    7.96    958.99951    11706537    9    0.000800    0.000804    -3.997400    0.000000
 536.387    6.94    963.15720    11757290    12    0.001000    0.001003    2.245300    0.000000
 959.848    13.27    966.24034    11794926    3    0.000300    0.000311    -2.402700    0.000000
 1611.092    7.15    969.40941    11833611    9    0.000800    0.000804    1.930200    0.000000
 1337.874    7.57    973.87504    11888123    9    0.000800    0.000804    1.262200    0.000000
 473.902    4.68    977.82383    11936326    29    0.002400    0.002401    2.705100    0.000000
 561.014    5.55    980.99626    11975052    23    0.001900    0.001902    0.234200    0.000000
 491.659    7.65    982.09554    11988471    8    0.000700    0.000705    0.643300    0.000000
 1025.113    13.66    986.51128    12042374    1    0.000100    0.000129    2.794400    0.000000
 733.470    8.00    991.60154    12104511    9    0.000800    0.000804    3.313600    0.000000
 242.192    7.61    992.97346    12121258    13    0.001100    0.001103    -1.762200    0.000000
 1399.104    6.23    995.84492    12156310    14    0.001200    0.001203    -0.993200    0.000000
 422.775    9.40    999.99998    12207031    9    0.000800    0.000804    0.618400    0.000000
 1260.560    4.08    1003.93861    12255110    37    0.003100    0.003101    2.878200    0.000000
 423.631    6.51    1006.03937    12280754    12    0.001000    0.001003    1.253400    0.000000
 1910.036    10.70    1011.20164    12343770    2    0.000200    0.000216    -1.424600    0.000000
 905.582    3.80    1013.61779    12373264    28    0.002300    0.002301    2.524200    0.000000
 1254.770    7.44    1016.17263    12404451    13    0.001100    0.001103    -3.419400    0.000000
 1404.264    8.05    1024.13394    12501635    6    0.000500    0.000507    -3.093100    0.000000
 1816.670    7.39    1028.21986    12551512    13    0.001100    0.001103    -2.091500    0.000000
 1811.372    6.78    1033.89340    12620769    15    0.001300    0.001303    -2.837000    0.000000
 825.588    7.84    1038.43398    12676196    7    0.000600    0.000606    -3.926800    0.000000
 1900.576    7.46    1042.90484    12730772    9    0.000800    0.000804    -1.428000    0.000000
 19.739    6.37    1045.72756    12765229    9    0.000800    0.000804    2.652100    0.000000
 161.491    2.50    1046.57715    12775600    53    0.004400    0.004401    2.759400    0.000000
 572.449    3.83    1049.02713    12805507    53    0.004400    0.004401    -1.101500    0.000000
 1791.125    4.32    1051.70690    12838219    29    0.002400    0.002401    -0.035200    0.000000
 363.113    15.64    1055.56066    12885262    2    0.000200    0.000216    -1.076500    0.000000
 493.744    4.28    1057.01147    12902972    52    0.004300    0.004301    -0.664800    0.000000
 977.052    16.86    1060.88694    12950280    1    0.000100    0.000129    2.198800    0.000000
 1774.406    11.05    1067.94394    13036425    1    0.000100    0.000129    -1.049800    0.000000
 1899.875    5.19    1072.09482    13087095    21    0.001800    0.001802    -0.639900    0.000000
 648.964    13.49    1076.29855    13138410    2    0.000200    0.000216    3.228300    0.000000
 151.267    2.31    1078.27298    13162512    87    0.007200    0.007200    3.816700    0.000000
 1615.689    3.51    1081.46958    13201533    19    0.001600    0.001602    1.693600    0.000000
 712.518    6.34    1085.84051    13254889    23    0.001900    0.001902    0.952700    0.000000
 1848.202    8.60    1090.77266    13315096    6    0.000500    0.000507    2.194100    0.000000
 1016.730    11.53    1094.18316    13356728    2    0.000200    0.000216    -1.955200    0.000000
 990.637    5.33    1099.19011    13417848    20    0.001700    0.001702    1.490200    0.000000
 317.743    12.06    1103.44102    13469739    3    0.000300    0.000311    2.706600    0.000000
 182.900    6.03    1104.47198    13482324    14    0.001200    0.001203    0.956100    0.000000
 1344.632    3.86    1106.37408    13505543    18    0.001500    0.001502    -3.406600    0.000000
 1368.368    2.89    1113.56101    13593274    53    0.004400    0.004401    -1.654500    0.000000
 180.132    7.31    1116.31139    13626848    11    0.000900    0.000904    -2.204100    0.000000
 327.585    3.30    1117.86287    13645787    36    0.003000    0.003001    0.354500    0.000000
 1102.252    5.93    1122.10911    13697621    23    0.001900    0.001902    -3.670800    0.000000
 1538.973    10.80    1126.81681    13755088    1    0.000100    0.000129    -1.937600    0.000000
 1167.938    3.31    1129.78371    13791305    35    0.002900    0.002901    3.652500    0.000000
 1073.897    12.19    1136.56979    13874143    2    0.000200    0.000216    -3.730100    0.000000
 824.867    6.83    1141.84815    13938576    14    0.001200    0.001203    0.598500    0.000000
 860.053    3.31    1144.46746    13970550    111    0.009100    0.009100    -2.864100    0.000000
 1210.911    4.83    1147.07882    14002427    18    0.001500    0.001502    1.688000    0.000000
 1853.542    2.71    1154.57237    14093901    90    0.007400    0.007400    -2.379700    0.000000
 1076.747    7.43    1159.46988    14153685    11    0.000900    0.000904    2.732400    0.000000
 1217.523    4.71    1164.07140    14209856    61    0.005000    0.005001    -0.941800    0.000000
 903.140    7.33    1167.13578    14247263    13    0.001100    0.001103    -2.379100    0.000000
 59.013    14.65    1169.31764    14273897    2    0.000200    0.000216    -1.618700    0.000000
 10.530    5.32    1170.24006    14285157    31    0.002600    0.002601    -1.518900    0.000000
 1618.258    12.33    1174.61869    14338607    1    0.000100    0.000129    3.587700    0.000000
 1563.297    9.61    1179.87074    14402719    6    0.000500    0.000507    0.172700    0.000000
 470.873    5.04    1182.91153    14439838    29    0.002400    0.002401    -3.775100    0.000000
 632.476    9.35    1185.51888    14471666    9    0.000800    0.000804    -3.936100    0.000000
 1481.807    8.23    1188.29892    14505602    8    0.000700    0.000705    1.291700    0.000000
 1830.018    6.87    1194.81393    14585131    23    0.001900    0.001902    3.257000    0.000000
 807.634    5.15    1197.72717    14620693    24    0.002000    0.002002    -0.173400    0.000000
 203.972    3.24    1199.69882    14644761    54    0.004500    0.004501    1.938700    0.000000
 325.096    10.74    1201.06664    14661458    4    0.000400    0.000408    -0.138000    0.000000
 1307.081    5.06    1205.70380    14718064    19    0.001600    0.001602    -1.249700    0.000000
 263.346    7.96    1207.49113    14739882    14    0.001200    0.001203    -2.500500    0.000000
 551.949    6.14    1209.15968    14760250    15    0.001300    0.001303    1.669400    0.000000
 395.291    3.83    1211.83953    14792963    21    0.001800    0.001802    1.217500    0.000000
 979.409    4.52    1214.41362    14824385    20    0.001700    0.001702    1.746000    0.000000
 1265.759    3.93    1218.33611    14872267    59    0.004900    0.004901    1.791800    0.000000
 921.306    8.25    1225.36075    14958017    7    0.000600    0.000606    3.768500    0.000000
 1653.698    8.91    1229.19584    15004832    7    0.000600    0.000606    -3.430800    0.000000
 1745.283    7.51    1233.61731    15058805    14    0.001200    0.001203    -1.325100    0.000000
 1433.238    10.80    1239.65161    15132466    3    0.000300    0.000311    -0.743600    0.000000
 536.945    14.30    1243.12257    15174836    2    0.000200    0.000216    3.756200    0.000000
 1401.639    8.63    1247.63791    15229955    9    0.000800    0.000804    1.923600    0.000000
 523.328    9.64    1251.14638    15272783    7    0.000600    0.000606    3.270000    0.000000
 824.092    5.78    1253.32103    15299329    13    0.001100    0.001103    -2.475900    0.000000
 98.177    5.94    1255.69737    15328337    18    0.001500    0.001502    3.900100    0.000000
 1380.485    5.25    1257.80247    15354034    29    0.002400    0.002401    -3.588900    0.000000
 932.619    3.48    1263.38662    15422200    39    0.003200    0.003201    -3.045100    0.000000
 853.207    14.94    1266.26710    15457362    1    0.000100    0.000129    -2.896000    0.000000
 714.347    3.68    1267.55095    15473034    25    0.002100    0.002102    0.766300    0.000000
 1786.211    2.56    1271.36236    15519560    87    0.007200    0.007200    -0.164900    0.000000
 1086.544    4.00    1278.21103    15603162    34    0.002800    0.002801    1.545400    0.000000
 746.846    4.49    1281.13967    15638912    21    0.001800    0.001802    -2.209400    0.000000
 276.687    3.90    1284.11214    15675197    41    0.003400    0.003401    1.668800    0.000000
 131.088    2.64    1284.83942    15684075    37    0.003100    0.003101    0.904300    0.000000
 292.070    2.95    1286.13892    15699938    30    0.002500    0.002501    -3.230600    0.000000
 1228.758    5.81    1289.40573    15739816    13    0.001100    0.001103    -2.763200    0.000000
 58.677    6.78    1292.73340    15780437    11    0.000900    0.000904    -2.414900    0.000000
 834.366    5.77    1294.41915    15801015    24    0.002000    0.002002    3.091300    0.000000
 167.986    6.11    1296.40088    15825206    30    0.002500    0.002501    3.083600    0.000000
 558.915    4.80    1298.64417    15852590    24    0.002000    0.002002    0.001900    0.000000
 145.053    3.67    1300.51072    15875375    53    0.004400    0.004401    -2.588700    0.000000
 1688.182    3.82    1303.05081    15906382    18    0.001500    0.001502    -2.463400    0.000000
 1019.198    7.80    1309.08094    15979992    8    0.000700    0.000705    1.918900    0.000000
 1474.822    10.26    1314.53272    16046542    2    0.000200    0.000216    1.732700    0.000000
 1188.653    10.13    1319.29530    16104679    6    0.000500    0.000507    1.762400    0.000000
 839.928    6.25    1322.88651    16148517    18    0.001500    0.001502    -3.101700    0.000000
 1637.139    10.80    1328.29815    16214577    4    0.000400    0.000408    0.063500    0.000000
 1246.529    5.63    1334.55127    16290909    13    0.001100    0.001103    -3.222200    0.000000
 352.706    4.43    1336.32090    16312511    39    0.003200    0.003201    -2.453500    0.000000
 1551.433    3.17    1340.96323    16369180    86    0.007100    0.007100    0.785200    0.000000
 1294.177    8.08    1345.54845    16425152    11    0.000900    0.000904    -0.760700    0.000000
 522.786    3.62    1348.00515    16455141    69    0.005700    0.005701    1.392800    0.000000
 1694.790    4.38    1352.74177    16512961    32    0.002700    0.002701    -3.168200    0.000000
 1387.712    5.83    1359.19444    16591729    12    0.001000    0.001003    -0.834300    0.000000
 395.012    8.21    1361.90747    16624847    9    0.000800    0.000804    -1.225200    0.000000
 1005.235    4.50    1363.93294    16649572    24    0.002000    0.002002    2.374700    0.000000
 1125.620    2.57    1369.05220    16712063    106    0.008700    0.008700    3.174300    0.000000
 1438.547    5.94    1374.84698    16782800    13    0.001100    0.001103    0.559600    0.000000
 1962.381    4.82    1387.81549    16941107    18    0.001500    0.001502    -3.932300    0.000000
 1224.367    4.30    1390.88191    16978539    15    0.001300    0.001303    2.391600    0.000000
 473.438    6.11    1394.93663    17028035    18    0.001500    0.001502    -3.840600    0.000000
 924.307    12.03    1397.92433    17064506    2    0.000200    0.000216    -2.184800    0.000000
 1904.834    6.31    1402.18122    17116470    7    0.000600    0.000606    -1.478300    0.000000
 96.346    21.36    1404.22463    17141414    1    0.000100    0.000129    -1.297100    0.000000
 759.413    8.98    1407.28672    17178793    7    0.000600    0.000606    1.722800    0.000000
 458.603    3.93    1408.25928    17190665    40    0.003300    0.003301    3.287700    0.000000
 381.239    4.48    1409.45670    17205282    35    0.002900    0.002901    2.576200    0.000000
 1115.002    4.64    1413.41802    17253638    19    0.001600    0.001602    -2.862000    0.000000
 1232.399    11.75    1418.36722    17314053    3    0.000300    0.000311    3.728400    0.000000
 1505.225    7.20    1424.33198    17386865    15    0.001300    0.001303    0.300000    0.000000
 1221.366    8.28    1429.35630    17448197    8    0.000700    0.000705    2.561000    0.000000
 1404.389    4.64    1435.26863    17520369    14    0.001200    0.001203    -2.712000    0.000000
 1051.893    9.97    1441.23625    17593216    8    0.000700    0.000705    -0.427600    0.000000
 866.833    3.21    1444.70475    17635556    25    0.002100    0.002102    3.460300    0.000000
 522.739    9.80    1446.39263    17656160    8    0.000700    0.000705    -2.507400    0.000000
 781.593    5.59    1449.88611    17698805    11    0.000900    0.000904    -1.819700    0.000000
 1974.829    9.10    1458.44945    17803338    4    0.000400    0.000408    3.992100    0.000000
 968.126    2.63    1464.06851    17871930    164    0.013500    0.013500    1.411000    0.000000
 1041.470    10.90    1468.96536    17931706    7    0.000600    0.000606    -0.241800    0.000000
 1795.332    10.09    1472.90636    17979814    6    0.000500    0.000507    2.158100    0.000000
 1765.416    4.09    1479.82041    18064214    42    0.003500    0.003501    0.099000    0.000000
 186.917    2.85    1483.73922    18112051    34    0.002800    0.002801    -1.480100    0.000000
 898.666    3.99    1484.71439    18123955    39    0.003200    0.003201    -1.325600    0.000000
 121.490    5.02    1487.39252    18156647    15    0.001300    0.001303    1.366700    0.000000
 998.708    6.24    1490.77811    18197975    12    0.001000    0.001003    -3.612200    0.000000
 1276.694    10.76    1495.62278    18257114    3    0.000300    0.000311    -1.082100    0.000000
 728.261    5.99    1499.32188    18302269    23    0.001900    0.001902    -1.822500    0.000000
 390.422    12.45    1501.79963    18332515    3    0.000300    0.000311    -3.748800    0.000000
 259.949    7.30    1502.74433    18344047    8    0.000700    0.000705    -0.548800    0.000000
 1358.655    6.16    1504.95445    18371026    20    0.001700    0.001702    -3.141300    0.000000
 649.036    8.41    1510.47709    18438441    8    0.000700    0.000705    -1.459000    0.000000
 213.293    6.05    1511.88128    18455582    14    0.001200    0.001203    2.949800    0.000000
 1064.664    12.75    1514.96458    18493220    2    0.000200    0.000216    -0.471400    0.000000
 142.608    4.85    1518.24105    18533216    31    0.002600    0.002601    -3.641800    0.000000
 816.793    7.99    1519.51393    18548754    9    0.000800    0.000804    -3.729300    0.000000
 647.864    6.43    1522.06852    18579938    13    0.001100    0.001103    -3.834500    0.000000
 712.468    16.90    1525.95628    18627396    1    0.000100    0.000129    -2.302700    0.000000
 1998.628    6.59    1534.95568    18737252    14    0.001200    0.001203    -3.329100    0.000000
 771.074    8.77    1538.31080    18778208    9    0.000800    0.000804    -3.310400    0.000000
 1759.095    10.43    1544.41163    18852681    4    0.000400    0.000408    2.172400    0.000000
 30.843    14.41    1545.98801    18871924    2    0.000200    0.000216    1.085900    0.000000
 1602.879    5.78    1550.77509    18930360    11    0.000900    0.000904    -2.932000    0.000000
 757.485    5.19    1553.80294    18967321    25    0.002100    0.002102    3.912300    0.000000
 1716.550    2.73    1556.08646    18995196    126    0.010400    0.010400    -1.599200    0.000000
 138.761    5.41    1561.23062    19057991    24    0.002000    0.002002    -3.771300    0.000000
 1825.212    5.95    1564.44787    19097264    21    0.001800    0.001802    2.593000    0.000000
 298.750    11.46    1567.34570    19132638    3    0.000300    0.000311    2.913300    0.000000
 471.539    6.24    1568.61940    19148186    13    0.001100    0.001103    -0.193800    0.000000
 849.502    8.94    1571.19594    19179638    6    0.000500    0.000507    0.782600    0.000000
 1213.452    8.20    1573.82779    19211765    8    0.000700    0.000705    -1.877000    0.000000
 629.690    12.85    1578.78378    19272263    3    0.000300    0.000311    2.743000    0.000000
 1958.524    7.75    1582.98538    19323552    8    0.000700    0.000705    3.639700    0.000000
 1469.224    14.78    1593.98273    19457797    1    0.000100    0.000129    -3.752200    0.000000
 1538.231    10.10    1599.49799    19525122    2    0.000200    0.000216    -2.997800    0.000000
 1106.682    10.31    1603.95280    19579502    6    0.000500    0.000507    -1.374500    0.000000
 202.204    4.95    1607.23329    19619547    26    0.002200    0.002202    0.104600    0.000000
 1339.820    4.17    1611.46208    19671168    24    0.002000    0.002002    3.221400    0.000000
 481.439    6.75    1613.62510    19697572    8    0.000700    0.000705    -2.909500    0.000000
 1009.710    7.41    1617.96006    19750489    14    0.001200    0.001203    -2.226500    0.000000
 1397.229    10.67    1623.01641    19812212    4    0.000400    0.000408    0.197200    0.000000
 1198.318    5.29    1628.05776    19873752    34    0.002800    0.002801    0.699900    0.000000
 503.559    6.47    1631.80519    19919497    11    0.000900    0.000904    2.169100    0.000000
 1708.789    5.40    1637.30768    19986666    14    0.001200    0.001203    3.266700    0.000000
 663.400    3.68    1639.71940    20016106    59    0.004900    0.004901    0.428800    0.000000
 1242.456    10.48    1644.16348    20070355    4    0.000400    0.000408    2.429000    0.000000
 1547.895    5.63    1648.71733    20125944    25    0.002100    0.002102    -0.456800    0.000000
 1224.449    6.52    1656.10537    20216130    15    0.001300    0.001303    3.206900    0.000000
 615.209    11.49    1658.94144    20250750    4    0.000400    0.000408    -2.604100    0.000000
 1419.376    8.03    1663.32817    20304299    7    0.000600    0.000606    -2.304300    0.000000
 528.238    4.02    1668.03735    20361784    25    0.002100    0.002102    2.087100    0.000000
 915.504    5.40    1669.48700    20379480    19    0.001600    0.001602    -1.421300    0.000000
 750.098    5.49    1672.80968    20420040    12    0.001000    0.001003    -0.811400    0.000000
 577.784    4.61    1674.99096    20446667    32    0.002700    0.002701    2.990200    0.000000
 1481.156    6.33    1680.22647    20510577    17    0.001400    0.001402    -1.213400    0.000000
 316.951    10.78    1682.46936    20537956    4    0.000400    0.000408    -1.633100    0.000000
 264.636    5.76    1684.00773    20556735    32    0.002700    0.002701    2.761000    0.000000
 549.644    5.02    1685.66415    20576955    13    0.001100    0.001103    -3.747400    0.000000
 1479.265    7.79    1690.29919    20633535    11    0.000900    0.000904    -3.302600    0.000000
 475.173    9.13    1693.54142    20673113    7    0.000600    0.000606    -3.934400    0.000000
 1615.914    9.86    1697.29901    20718982    2    0.000200    0.000216    -2.873700    0.000000
 650.987    2.64    1699.96050    20751471    29    0.002400    0.002401    2.521500    0.000000
 685.009    9.70    1703.02202    20788843    6    0.000500    0.000507    3.314700    0.000000
 1626.305    6.32    1707.66582    20845530    15    0.001300    0.001303    -0.922700    0.000000
 711.055    6.45    1712.07983    20899412    11    0.000900    0.000904    -1.503900    0.000000
 1288.777    10.60    1715.39661    20939900    3    0.000300    0.000311    1.689200    0.000000
 1048.874    7.27    1720.25741    20999236    17    0.001400    0.001402    0.708400    0.000000
 1815.328    2.45    1726.01426    21069510    104    0.008600    0.008600    0.989600    0.000000
 144.550    7.91    1729.20807    21108497    28    0.002300    0.002301    2.381900    0.000000
 762.207    8.70    1731.38592    21135082    12    0.001000    0.001003    -2.605500    0.000000
 1004.137    3.76    1734.53763    21173555    26    0.002200    0.002202    0.513900    0.000000
 696.428    15.65    1739.30193    21231713    1    0.000100    0.000129    2.317300    0.000000
 68.798    4.94    1741.40129    21257340    19    0.001600    0.001602    -2.236800    0.000000
 1537.104    3.38    1743.67826    21285135    37    0.003100    0.003101    3.728100    0.000000
 636.739    6.67    1747.14438    21327446    15    0.001300    0.001303    2.666100    0.000000
 382.464    6.78    1749.77376    21359543    20    0.001700    0.001702    -0.196700    0.000000
 371.662    3.91    1751.11791    21375951    13    0.001100    0.001103    -2.014700    0.000000
 1893.745    7.35    1754.56854    21418073    13    0.001100    0.001103    0.342100    0.000000
 442.565    6.24    1758.54256    21466584    21    0.001800    0.001802    -1.986700    0.000000
 355.358    8.83    1759.71271    21480868    4    0.000400    0.000408    3.335400    0.000000
 787.272    5.28    1761.83984    21506834    19    0.001600    0.001602    -0.149100    0.000000
 1920.464    8.54    1767.05217    21570461    6    0.000500    0.000507    3.396200    0.000000
 1245.113    3.75    1769.03512    21594667    37    0.003100    0.003101    1.941200    0.000000
 111.665    5.20    1774.03281    21655674    12    0.001000    0.001003    1.503800    0.000000
 1383.739    7.42    1775.90272    21678500    14    0.001200    0.001203    -3.843100    0.000000
 647.090    6.92    1780.75804    21737769    19    0.001600    0.001602    3.372200    0.000000
 720.174    5.88    1783.92359    21776411    31    0.002600    0.002601    -2.748300    0.000000
 820.057    4.91    1787.38389    21818651    28    0.002300    0.002301    -0.275700    0.000000
 1722.580    3.68    1790.80135    21860368    26    0.002200    0.002202    -0.550300    0.000000
 224.144    9.89    1793.98894    21899279    4    0.000400    0.000408    0.808300    0.000000
 559.428    4.30    1795.96648    21923419    31    0.002600    0.002601    -1.370000    0.000000
 1854.328    3.00    1799.78822    21970071    135    0.011100    0.011100    -0.014900    0.000000
 1529.259    6.37    1803.64206    22017115    14    0.001200    0.001203    3.058500    0.000000
 1012.252    4.71    1809.85995    22093017    28    0.002300    0.002301    3.910200    0.000000
 245.824    8.46    1813.78826    22140970    7    0.000600    0.000606    3.156500    0.000000
 1293.120    7.05    1818.21424    22194998    6    0.000500    0.000507    -0.460000    0.000000
 1740.867    4.47    1823.39944    22258294    25    0.002100    0.002102    3.363100    0.000000
 772.967    11.03    1827.02113    22302504    2    0.000200    0.000216    -2.572300    0.000000
 255.160    9.00    1828.60906    22321888    4    0.000400    0.000408    -1.568200    0.000000
 256.492    6.86    1830.30440    22342583    18    0.001500    0.001502    -3.397000    0.000000
 854.365    2.70    1831.72481    22359922    85    0.007000    0.007000    -1.760100    0.000000
 542.029    5.09    1833.78108    22385023    35    0.002900    0.002901    2.728300    0.000000
 562.043    9.78    1837.10925    22425650    7    0.000600    0.000606    -3.520600    0.000000
 1103.774    6.34    1843.49647    22503619    21    0.001800    0.001802    -3.437400    0.000000
 1145.109    3.30    1846.31116    22537978    58    0.004800    0.004801    -2.561300    0.000000
 366.061    7.48    1850.45033    22588505    8    0.000700    0.000705    -1.574400    0.000000
 639.690    6.69    1851.28952    22598749    13    0.001100    0.001103    -0.202300    0.000000
 1496.839    3.73    1854.18146    22634051    30    0.002500    0.002501    2.853500    0.000000
 781.141    2.93    1860.52198    22711450    41    0.003400    0.003401    1.429100    0.000000
 83.529    5.83    1861.97393    22729174    14    0.001200    0.001203    1.188000    0.000000
 272.551    5.34    1863.27376    22745041    24    0.002000    0.002002    -1.549300    0.000000
 1685.038    3.44    1864.98269    22765902    37    0.003100    0.003101    0.875200    0.000000
 691.114    6.47    1870.53605    22833692    7    0.000600    0.000606    0.844500    0.000000
 1093.405    12.83    1874.33370    22880050    2    0.000200    0.000216    -3.255600    0.000000
 1649.169    9.37    1880.87837    22959941    7    0.000600    0.000606    1.349400    0.000000
 563.777    10.93    1883.94963    22997432    4    0.000400    0.000408    2.798600    0.000000
 924.422    8.55    1886.47260    23028230    8    0.000700    0.000705    -3.087500    0.000000
 553.309    14.56    1889.29622    23062698    2    0.000200    0.000216    -3.069000    0.000000
 1076.523    3.84    1894.75185    23129295    25    0.002100    0.002102    -1.141300    0.000000
 128.090    5.10    1896.97712    23156459    29    0.002400    0.002401    2.624300    0.000000
 636.565    5.88    1898.64075    23176767    12    0.001000    0.001003    -3.735100    0.000000
 542.742    15.08    1901.01144    23205706    2    0.000200    0.000216    -3.034700    0.000000
 1720.662    6.62    1905.56881    23261338    19    0.001600    0.001602    -3.368400    0.000000
 1765.132    4.85    1910.36375    23319870    21    0.001800    0.001802    -2.128700    0.000000
 1499.881    9.56    1916.45901    23394275    6    0.000500    0.000507    3.892800    0.000000
 708.888    6.46    1919.82363    23435347    15    0.001300    0.001303    1.428900    0.000000
 